1,0.96622,0.98606,0.97213,0.97644,0.97518,0.95958,0.98053,0.98121,0.93556,0.96622,1,0.97496,0.91708,0.95078,0.92735,0.99499,0.98451,0.96725,0.98682,0.98606,0.97496,1,0.96407,0.97909,0.96768,0.97019,0.9806,0.98685,0.9496,0.97213,0.91708,0.96407,1,0.965,0.97237,0.90039,0.94331,0.96089,0.8812,0.97644,0.95078,0.97909,0.965,1,0.98354,0.94198,0.96453,0.98891,0.90702,0.97518,0.92735,0.96768,0.97237,0.98354,1,0.92129,0.95636,0.97886,0.88172,0.95958,0.99499,0.97019,0.90039,0.94198,0.92129,1,0.98303,0.96222,0.98717,0.98053,0.98451,0.9806,0.94331,0.96453,0.95636,0.98303,1,0.97676,0.97053,0.98121,0.96725,0.98685,0.96089,0.98891,0.97886,0.96222,0.97676,1,0.93288,0.93556,0.98682,0.9496,0.8812,0.90702,0.88172,0.98717,0.97053,0.93288,1
1,0.976,0.78628,0.60473,0.93276,0.85073,0.75668,0.57535,0.85151,0.80351,0.976,1,0.849,0.67025,0.97319,0.9059,0.80705,0.62989,0.90839,0.85268,0.78628,0.849,1,0.8602,0.92852,0.9734,0.9605,0.84102,0.9715,0.97812,0.60473,0.67025,0.8602,1,0.7434,0.81975,0.90965,0.95922,0.86634,0.86444,0.93276,0.97319,0.92852,0.7434,1,0.97368,0.89459,0.71962,0.96676,0.93612,0.85073,0.9059,0.9734,0.81975,0.97368,1,0.95583,0.81203,0.98882,0.98632,0.75668,0.80705,0.9605,0.90965,0.89459,0.95583,1,0.91708,0.97073,0.98155,0.57535,0.62989,0.84102,0.95922,0.71962,0.81203,0.91708,1,0.85804,0.87281,0.85151,0.90839,0.9715,0.86634,0.96676,0.98882,0.97073,0.85804,1,0.98212,0.80351,0.85268,0.97812,0.86444,0.93612,0.98632,0.98155,0.87281,0.98212,1
1,0.97634,0.97434,0.94645,0.93541,0.95181,0.91215,0.70859,0.92241,0.93328,0.97634,1,0.98835,0.94107,0.96646,0.97436,0.93824,0.72712,0.94703,0.95049,0.97434,0.98835,1,0.9441,0.97878,0.97825,0.95351,0.76206,0.9664,0.96782,0.94645,0.94107,0.9441,1,0.8889,0.90128,0.84049,0.63449,0.88196,0.88722,0.93541,0.96646,0.97878,0.8889,1,0.9772,0.98327,0.83883,0.99057,0.98382,0.95181,0.97436,0.97825,0.90128,0.9772,1,0.97215,0.77552,0.96377,0.95118,0.91215,0.93824,0.95351,0.84049,0.98327,0.97215,1,0.83412,0.97717,0.9639,0.70859,0.72712,0.76206,0.63449,0.83883,0.77552,0.83412,1,0.86858,0.87878,0.92241,0.94703,0.9664,0.88196,0.99057,0.96377,0.97717,0.86858,1,0.98891,0.93328,0.95049,0.96782,0.88722,0.98382,0.95118,0.9639,0.87878,0.98891,1
1,0.92354,0.89954,0.82863,0.96345,0.85439,0.88774,0.98877,0.89111,0.74136,0.92354,1,0.82943,0.96939,0.97395,0.9665,0.98485,0.93493,0.99335,0.66794,0.89954,0.82943,1,0.71906,0.85173,0.76542,0.7897,0.90706,0.77849,0.72091,0.82863,0.96939,0.71906,1,0.90993,0.98285,0.98028,0.83354,0.98256,0.65272,0.96345,0.97395,0.85173,0.90993,1,0.91898,0.94674,0.97647,0.95609,0.68636,0.85439,0.9665,0.76542,0.98285,0.91898,1,0.98934,0.85707,0.9701,0.73284,0.88774,0.98485,0.7897,0.98028,0.94674,0.98934,1,0.89721,0.98477,0.68602,0.98877,0.93493,0.90706,0.83354,0.97647,0.85707,0.89721,1,0.90294,0.69566,0.89111,0.99335,0.77849,0.98256,0.95609,0.9701,0.98477,0.90294,1,0.63909,0.74136,0.66794,0.72091,0.65272,0.68636,0.73284,0.68602,0.69566,0.63909,1
1,0.97617,0.89927,0.99332,0.98977,0.94208,0.97282,0.98897,0.89579,0.92083,0.97617,1,0.9487,0.9789,0.96302,0.96414,0.98079,0.96159,0.94479,0.96549,0.89927,0.9487,1,0.92235,0.86239,0.98293,0.96517,0.8558,0.97836,0.9783,0.99332,0.9789,0.92235,1,0.97657,0.96361,0.98289,0.97797,0.91927,0.94073,0.98977,0.96302,0.86239,0.97657,1,0.90707,0.94905,0.99407,0.86088,0.88098,0.94208,0.96414,0.98293,0.96361,0.90707,1,0.98713,0.90472,0.97363,0.97557,0.97282,0.98079,0.96517,0.98289,0.94905,0.98713,1,0.94731,0.95061,0.966,0.98897,0.96159,0.8558,0.97797,0.99407,0.90472,0.94731,1,0.85527,0.88282,0.89579,0.94479,0.97836,0.91927,0.86088,0.97363,0.95061,0.85527,1,0.97136,0.92083,0.96549,0.9783,0.94073,0.88098,0.97557,0.966,0.88282,0.97136,1
1,0.98196,0.8689,0.95384,0.91703,0.90845,0.78297,0.91891,0.86021,0.8737,0.98196,1,0.88135,0.95834,0.91344,0.94107,0.79324,0.91103,0.87832,0.87593,0.8689,0.88135,1,0.96124,0.97599,0.9589,0.93946,0.96647,0.98407,0.97688,0.95384,0.95834,0.96124,1,0.97894,0.97405,0.8827,0.96838,0.96309,0.95929,0.91703,0.91344,0.97599,0.97894,1,0.94459,0.94558,0.99446,0.98472,0.98893,0.90845,0.94107,0.9589,0.97405,0.94459,1,0.87077,0.9279,0.94984,0.93765,0.78297,0.79324,0.93946,0.8827,0.94558,0.87077,1,0.95337,0.95574,0.97129,0.91891,0.91103,0.96647,0.96838,0.99446,0.9279,0.95337,1,0.9749,0.9866,0.86021,0.87832,0.98407,0.96309,0.98472,0.94984,0.95574,0.9749,1,0.98632,0.8737,0.87593,0.97688,0.95929,0.98893,0.93765,0.97129,0.9866,0.98632,1
