1,0.95529,0.94131,0.75274,0.95324,0.88818,0.89463,0.62876,0.49975,0.72435,0.95529,1,0.99645,0.71838,0.99929,0.9413,0.98066,0.63206,0.57045,0.70365,0.94131,0.99645,1,0.70811,0.99745,0.93813,0.98074,0.63943,0.58817,0.69862,0.75274,0.71838,0.70811,1,0.71799,0.71459,0.66937,0.83551,0.37654,0.96252,0.95324,0.99929,0.99745,0.71799,1,0.93838,0.97822,0.63519,0.58992,0.70485,0.88818,0.9413,0.93813,0.71459,0.93838,1,0.95319,0.63573,0.63125,0.70781,0.89463,0.98066,0.98074,0.66937,0.97822,0.95319,1,0.60193,0.65578,0.66072,0.62876,0.63206,0.63943,0.83551,0.63519,0.63573,0.60193,1,0.39959,0.87887,0.49975,0.57045,0.58817,0.37654,0.58992,0.63125,0.65578,0.39959,1,0.37688,0.72435,0.70365,0.69862,0.96252,0.70485,0.70781,0.66072,0.87887,0.37688,1
1,0.99955,0.9994,0.99855,0.58258,0.47997,0.9937,0.99735,0.99797,0.60693,0.99955,1,0.99875,0.99777,0.57809,0.48051,0.99518,0.99827,0.99868,0.6009,0.9994,0.99875,1,0.99973,0.57069,0.46958,0.99351,0.99689,0.99808,0.61117,0.99855,0.99777,0.99973,1,0.57275,0.46779,0.99342,0.99634,0.99761,0.61343,0.58258,0.57809,0.57069,0.57275,1,0.70323,0.56843,0.56766,0.56986,0.33762,0.47997,0.48051,0.46958,0.46779,0.70323,1,0.48989,0.48985,0.48136,0.25157,0.9937,0.99518,0.99351,0.99342,0.56843,0.48989,1,0.99894,0.99783,0.59904,0.99735,0.99827,0.99689,0.99634,0.56766,0.48985,0.99894,1,0.9995,0.60324,0.99797,0.99868,0.99808,0.99761,0.56986,0.48136,0.99783,0.9995,1,0.60312,0.60693,0.6009,0.61117,0.61343,0.33762,0.25157,0.59904,0.60324,0.60312,1
1,0.9249,0.94255,0.94592,0.91289,0.81219,0.74066,0.96225,0.94968,0.83586,0.9249,1,0.91126,0.91316,0.94616,0.83211,0.7548,0.90478,0.90037,0.85728,0.94255,0.91126,1,0.96336,0.9091,0.81674,0.74319,0.96664,0.96876,0.83575,0.94592,0.91316,0.96336,1,0.88578,0.78018,0.70192,0.94595,0.96573,0.79716,0.91289,0.94616,0.9091,0.88578,1,0.88892,0.81353,0.91896,0.90956,0.91155,0.81219,0.83211,0.81674,0.78018,0.88892,1,0.92314,0.83425,0.81468,0.97145,0.74066,0.7548,0.74319,0.70192,0.81353,0.92314,1,0.7634,0.7414,0.89824,0.96225,0.90478,0.96664,0.94595,0.91896,0.83425,0.7634,1,0.98103,0.85781,0.94968,0.90037,0.96876,0.96573,0.90956,0.81468,0.7414,0.98103,1,0.83472,0.83586,0.85728,0.83575,0.79716,0.91155,0.97145,0.89824,0.85781,0.83472,1
1,0.89697,0.94331,0.99462,0.97962,0.94325,0.98279,0.93489,0.86289,0.85453,0.89697,1,0.84802,0.8857,0.92311,0.85606,0.89654,0.95628,0.92385,0.87242,0.94331,0.84802,1,0.94465,0.93095,0.99585,0.93325,0.88639,0.82277,0.89668,0.99462,0.8857,0.94465,1,0.97573,0.94166,0.98804,0.92638,0.851,0.83209,0.97962,0.92311,0.93095,0.97573,1,0.93159,0.97941,0.96205,0.89272,0.87547,0.94325,0.85606,0.99585,0.94166,0.93159,1,0.93032,0.89058,0.82298,0.91606,0.98279,0.89654,0.93325,0.98804,0.97941,0.93032,1,0.93773,0.86142,0.82206,0.93489,0.95628,0.88639,0.92638,0.96205,0.89058,0.93773,1,0.92216,0.86318,0.86289,0.92385,0.82277,0.851,0.89272,0.82298,0.86142,0.92216,1,0.80786,0.85453,0.87242,0.89668,0.83209,0.87547,0.91606,0.82206,0.86318,0.80786,1
1,0.96989,0.99091,0.94206,0.94641,0.94817,0.9261,0.86687,0.90683,0.98643,0.96989,1,0.97624,0.92301,0.95574,0.93442,0.93258,0.90199,0.95915,0.96649,0.99091,0.97624,1,0.94719,0.94605,0.95512,0.92955,0.88117,0.91863,0.99181,0.94206,0.92301,0.94719,1,0.89663,0.98726,0.88936,0.83254,0.86866,0.95511,0.94641,0.95574,0.94605,0.89663,1,0.90822,0.95172,0.92296,0.91623,0.93887,0.94817,0.93442,0.95512,0.98726,0.90822,1,0.89999,0.84511,0.88077,0.95897,0.9261,0.93258,0.92955,0.88936,0.95172,0.89999,1,0.93411,0.91043,0.93125,0.86687,0.90199,0.88117,0.83254,0.92296,0.84511,0.93411,1,0.86199,0.87176,0.90683,0.95915,0.91863,0.86866,0.91623,0.88077,0.91043,0.86199,1,0.90958,0.98643,0.96649,0.99181,0.95511,0.93887,0.95897,0.93125,0.87176,0.90958,1
1,0.91954,0.95653,0.86671,0.90252,0.94075,0.92301,0.86116,0.99174,0.93421,0.91954,1,0.88498,0.79642,0.83086,0.869,0.85397,0.79073,0.91721,0.96915,0.95653,0.88498,1,0.88958,0.93522,0.97961,0.96508,0.88392,0.9645,0.89721,0.86671,0.79642,0.88958,1,0.95958,0.91419,0.92191,0.9558,0.86692,0.81892,0.90252,0.83086,0.93522,0.95958,1,0.95504,0.96922,0.9452,0.90598,0.85073,0.94075,0.869,0.97961,0.91419,0.95504,1,0.97739,0.90355,0.94739,0.89016,0.92301,0.85397,0.96508,0.92191,0.96922,0.97739,1,0.91605,0.9307,0.86577,0.86116,0.79073,0.88392,0.9558,0.9452,0.90355,0.91605,1,0.85686,0.80963,0.99174,0.91721,0.9645,0.86692,0.90598,0.94739,0.9307,0.85686,1,0.93201,0.93421,0.96915,0.89721,0.81892,0.85073,0.89016,0.86577,0.80963,0.93201,1
