1,0.79285,0.91627,0.92287,0.875,0.74978,0.019247,0.24547,0.0027064,0.93846,0.79285,1,0.73232,0.85584,0.75358,0.6455,0.033622,0.33277,0.022312,0.82902,0.91627,0.73232,1,0.84306,0.92713,0.86173,0.032429,0.21086,0.017145,0.91308,0.92287,0.85584,0.84306,1,0.85051,0.70415,0.062935,0.27198,0.039938,0.92629,0.875,0.75358,0.92713,0.85051,1,0.82769,0.028043,0.2021,0.010131,0.87028,0.74978,0.6455,0.86173,0.70415,0.82769,1,0.02917,0.22975,0.079274,0.76113,0.019247,0.033622,0.032429,0.062935,0.028043,0.02917,1,0.50749,0.87621,0.02102,0.24547,0.33277,0.21086,0.27198,0.2021,0.22975,0.50749,1,0.44562,0.31472,0.0027064,0.022312,0.017145,0.039938,0.010131,0.079274,0.87621,0.44562,1,0.0072563,0.93846,0.82902,0.91308,0.92629,0.87028,0.76113,0.02102,0.31472,0.0072563,1
1,0.90963,0.88306,0.84309,0.66039,0.47097,0.84857,0.89284,0.38938,0.16311,0.90963,1,0.92672,0.91823,0.6679,0.37171,0.90116,0.96188,0.44772,0.076904,0.88306,0.92672,1,0.90168,0.52313,0.31799,0.89661,0.96965,0.37582,0.15622,0.84309,0.91823,0.90168,1,0.50411,0.2931,0.95311,0.90275,0.45629,0.12477,0.66039,0.6679,0.52313,0.50411,1,0.68728,0.54719,0.60157,0.69251,0.14263,0.47097,0.37171,0.31799,0.2931,0.68728,1,0.2612,0.30185,0.39615,0.21366,0.84857,0.90116,0.89661,0.95311,0.54719,0.2612,1,0.90285,0.49054,0.090752,0.89284,0.96188,0.96965,0.90275,0.60157,0.30185,0.90285,1,0.38471,0.10862,0.38938,0.44772,0.37582,0.45629,0.69251,0.39615,0.49054,0.38471,1,0.46248,0.16311,0.076904,0.15622,0.12477,0.14263,0.21366,0.090752,0.10862,0.46248,1
1,0.082555,0.10209,0.099772,0.6062,0.12599,0.72075,0.74525,0.16007,0.55402,0.082555,1,0.92463,0.92396,0.02175,0.80892,0.21414,0.093778,0.58939,0.12745,0.10209,0.92463,1,0.82918,0.033805,0.8996,0.24168,0.13196,0.59231,0.15981,0.099772,0.92396,0.82918,1,0.066612,0.76175,0.27815,0.1441,0.65808,0.11697,0.6062,0.02175,0.033805,0.066612,1,0.021963,0.38028,0.75542,0.031602,0.42232,0.12599,0.80892,0.8996,0.76175,0.021963,1,0.42037,0.19152,0.57671,0.18186,0.72075,0.21414,0.24168,0.27815,0.38028,0.42037,1,0.57819,0.50367,0.55163,0.74525,0.093778,0.13196,0.1441,0.75542,0.19152,0.57819,1,0.18485,0.50217,0.16007,0.58939,0.59231,0.65808,0.031602,0.57671,0.50367,0.18485,1,0.33486,0.55402,0.12745,0.15981,0.11697,0.42232,0.18186,0.55163,0.50217,0.33486,1
1,0.70836,0.20165,0.38937,0.32732,0.31523,0.26122,0.13048,0.43602,0.17618,0.70836,1,0.23049,0.71944,0.055998,0.076143,0.16216,0.075261,0.17068,0.08522,0.20165,0.23049,1,0.14589,0.79577,0.80088,0.87326,0.80569,0.76381,0.79995,0.38937,0.71944,0.14589,1,0.00032501,0.025077,0.14152,0.00030192,0.088477,0.025788,0.32732,0.055998,0.79577,0.00032501,1,0.9049,0.78618,0.95831,0.79414,0.90349,0.31523,0.076143,0.80088,0.025077,0.9049,1,0.80022,0.87496,0.79117,0.88176,0.26122,0.16216,0.87326,0.14152,0.78618,0.80022,1,0.75987,0.82083,0.75438,0.13048,0.075261,0.80569,0.00030192,0.95831,0.87496,0.75987,1,0.74698,0.90883,0.43602,0.17068,0.76381,0.088477,0.79414,0.79117,0.82083,0.74698,1,0.76464,0.17618,0.08522,0.79995,0.025788,0.90349,0.88176,0.75438,0.90883,0.76464,1
1,0.0025939,0.48027,0.17096,0.44011,0.52055,0.0043867,0.023741,0.57497,0.45829,0.0025939,1,0.029011,0.82105,0.53256,0.001161,0.94545,0.92153,0.0078485,0.39787,0.48027,0.029011,1,0.034901,0.083977,0.77338,0.02996,0.032433,0.65184,0.20707,0.17096,0.82105,0.034901,1,0.79269,0.03034,0.80814,0.83674,0.043046,0.53749,0.44011,0.53256,0.083977,0.79269,1,0.24407,0.47964,0.54791,0.16031,0.71383,0.52055,0.001161,0.77338,0.03034,0.24407,1,0.0015158,0.0027283,0.65291,0.40103,0.0043867,0.94545,0.02996,0.80814,0.47964,0.0015158,1,0.91443,0.0076326,0.36251,0.023741,0.92153,0.032433,0.83674,0.54791,0.0027283,0.91443,1,0.011208,0.44785,0.57497,0.0078485,0.65184,0.043046,0.16031,0.65291,0.0076326,0.011208,1,0.28212,0.45829,0.39787,0.20707,0.53749,0.71383,0.40103,0.36251,0.44785,0.28212,1
1,0.099051,0.86844,0.0064312,0.24165,0.077518,0.006976,0.53369,0.089009,0.0697,0.099051,1,0.17947,0.56241,0.56089,0.80972,0.57495,0.2919,0.7634,0.78439,0.86844,0.17947,1,0.068333,0.35519,0.12683,0.062831,0.50694,0.14276,0.12576,0.0064312,0.56241,0.068333,1,0.29215,0.6322,0.91333,0.07822,0.82804,0.67884,0.24165,0.56089,0.35519,0.29215,1,0.54958,0.32123,0.30528,0.55825,0.49909,0.077518,0.80972,0.12683,0.6322,0.54958,1,0.65105,0.33827,0.77293,0.82273,0.006976,0.57495,0.062831,0.91333,0.32123,0.65105,1,0.075856,0.79472,0.70344,0.53369,0.2919,0.50694,0.07822,0.30528,0.33827,0.075856,1,0.1584,0.3449,0.089009,0.7634,0.14276,0.82804,0.55825,0.77293,0.79472,0.1584,1,0.75574,0.0697,0.78439,0.12576,0.67884,0.49909,0.82273,0.70344,0.3449,0.75574,1
