1,0.34155,0.57907,0.89125,0.65019,0.61646,0.45758,0.44098,0.54265,0.69059,0.34155,1,0.10398,0.12351,0.045929,0.29504,0.87153,0.91406,0.50807,0.5847,0.57907,0.10398,1,0.55148,0.79185,0.95199,0.47349,0.13022,0.67064,0.69355,0.89125,0.12351,0.55148,1,0.70154,0.53552,0.13706,0.22074,0.33649,0.45656,0.65019,0.045929,0.79185,0.70154,1,0.72523,0.1248,0.13945,0.44494,0.41071,0.61646,0.29504,0.95199,0.53552,0.72523,1,0.64611,0.2171,0.75913,0.81042,0.45758,0.87153,0.47349,0.13706,0.1248,0.64611,1,0.78972,0.72602,0.81329,0.44098,0.91406,0.13022,0.22074,0.13945,0.2171,0.78972,1,0.43504,0.61312,0.54265,0.50807,0.67064,0.33649,0.44494,0.75913,0.72602,0.43504,1,0.85199,0.69059,0.5847,0.69355,0.45656,0.41071,0.81042,0.81329,0.61312,0.85199,1
1,0.88795,0.46657,0.82226,0.8908,0.89521,0.6212,0.9551,0.65456,0.95285,0.88795,1,0.59511,0.81478,0.88487,0.9797,0.72536,0.83475,0.68479,0.90435,0.46657,0.59511,1,0.69489,0.60368,0.5983,0.91351,0.51118,0.78672,0.48407,0.82226,0.81478,0.69489,1,0.96439,0.82057,0.89245,0.899,0.89064,0.82402,0.8908,0.88487,0.60368,0.96439,1,0.87645,0.81658,0.92769,0.83837,0.91881,0.89521,0.9797,0.5983,0.82057,0.87645,1,0.73106,0.84596,0.66267,0.87643,0.6212,0.72536,0.91351,0.89245,0.81658,0.73106,1,0.68375,0.89647,0.63922,0.9551,0.83475,0.51118,0.899,0.92769,0.84596,0.68375,1,0.71831,0.92007,0.65456,0.68479,0.78672,0.89064,0.83837,0.66267,0.89647,0.71831,1,0.71265,0.95285,0.90435,0.48407,0.82402,0.91881,0.87643,0.63922,0.92007,0.71265,1
1,0.14076,0.96164,0.054846,0.92476,0.080618,0.087853,0.052728,0.70932,0.42073,0.14076,1,0.15245,0.7116,0.10518,0.76213,0.64808,0.7343,0.64734,0.77043,0.96164,0.15245,1,0.067455,0.90587,0.080999,0.10023,0.053495,0.72121,0.40448,0.054846,0.7116,0.067455,1,0.017067,0.96516,0.90419,0.8951,0.35492,0.40951,0.92476,0.10518,0.90587,0.017067,1,0.034556,0.024511,0.01768,0.56843,0.29016,0.080618,0.76213,0.080999,0.96516,0.034556,1,0.81985,0.83333,0.38948,0.43539,0.087853,0.64808,0.10023,0.90419,0.024511,0.81985,1,0.91614,0.34853,0.53547,0.052728,0.7343,0.053495,0.8951,0.01768,0.83333,0.91614,1,0.32889,0.61707,0.70932,0.64734,0.72121,0.35492,0.56843,0.38948,0.34853,0.32889,1,0.86762,0.42073,0.77043,0.40448,0.40951,0.29016,0.43539,0.53547,0.61707,0.86762,1
1,0.49437,0.85196,0.067672,0.82697,0.98989,0.75785,0.88612,0.75503,0.98564,0.49437,1,0.36621,0.56133,0.37893,0.45694,0.37686,0.39703,0.38703,0.49695,0.85196,0.36621,1,0.086094,0.97323,0.88408,0.92056,0.93727,0.8575,0.84937,0.067672,0.56133,0.086094,1,0.10569,0.0497,0.22896,0.062919,0.30082,0.06787,0.82697,0.37893,0.97323,0.10569,1,0.85017,0.96424,0.89629,0.92668,0.81615,0.98989,0.45694,0.88408,0.0497,0.85017,1,0.77357,0.92467,0.74779,0.98774,0.75785,0.37686,0.92056,0.22896,0.96424,0.77357,1,0.81731,0.93141,0.75546,0.88612,0.39703,0.93727,0.062919,0.89629,0.92467,0.81731,1,0.73896,0.8951,0.75503,0.38703,0.8575,0.30082,0.92668,0.74779,0.93141,0.73896,1,0.71992,0.98564,0.49695,0.84937,0.06787,0.81615,0.98774,0.75546,0.8951,0.71992,1
1,0.6179,0.45415,0.31273,0.93768,0.090892,0.12527,0.52812,0.1735,0.5582,0.6179,1,0.92873,0.81762,0.63277,0.4693,0.58687,0.86937,0.5293,0.69698,0.45415,0.92873,1,0.90243,0.45217,0.5891,0.71573,0.84882,0.56621,0.6345,0.31273,0.81762,0.90243,1,0.33132,0.73221,0.83806,0.8519,0.65891,0.62074,0.93768,0.63277,0.45217,0.33132,1,0.11227,0.18573,0.59876,0.25273,0.73242,0.090892,0.4693,0.5891,0.73221,0.11227,1,0.93725,0.59785,0.90031,0.53577,0.12527,0.58687,0.71573,0.83806,0.18573,0.93725,1,0.7091,0.84651,0.60383,0.52812,0.86937,0.84882,0.8519,0.59876,0.59785,0.7091,1,0.66315,0.86902,0.1735,0.5293,0.56621,0.65891,0.25273,0.90031,0.84651,0.66315,1,0.72849,0.5582,0.69698,0.6345,0.62074,0.73242,0.53577,0.60383,0.86902,0.72849,1
1,0.20756,0.89368,0.2818,0.35189,0.14174,0.29501,0.6269,0.1755,0.62731,0.20756,1,0.38584,0.91586,0.89402,0.91563,0.91138,0.62423,0.94223,0.67219,0.89368,0.38584,1,0.52399,0.59714,0.31375,0.51807,0.65896,0.36419,0.82033,0.2818,0.91586,0.52399,1,0.88395,0.88268,0.96147,0.52842,0.90134,0.80577,0.35189,0.89402,0.59714,0.88395,1,0.76742,0.87404,0.62731,0.86911,0.80207,0.14174,0.91563,0.31375,0.88268,0.76742,1,0.86817,0.40864,0.96277,0.5922,0.29501,0.91138,0.51807,0.96147,0.87404,0.86817,1,0.57788,0.89017,0.80428,0.6269,0.62423,0.65896,0.52842,0.62731,0.40864,0.57788,1,0.53089,0.60041,0.1755,0.94223,0.36419,0.90134,0.86911,0.96277,0.89017,0.53089,1,0.62026,0.62731,0.67219,0.82033,0.80577,0.80207,0.5922,0.80428,0.60041,0.62026,1
