1,0.59696,0.94484,0.82297,0.96309,0.95456,0.87162,0.65079,0.95158,0.78432,0.59696,1,0.7066,0.78291,0.62199,0.6726,0.82183,0.91933,0.64181,0.64644,0.94484,0.7066,1,0.91577,0.92489,0.93454,0.91264,0.75059,0.94333,0.80789,0.82297,0.78291,0.91577,1,0.85332,0.89299,0.92051,0.80553,0.83075,0.77722,0.96309,0.62199,0.92489,0.85332,1,0.96033,0.87709,0.61431,0.97686,0.85764,0.95456,0.6726,0.93454,0.89299,0.96033,1,0.8963,0.67062,0.9428,0.82584,0.87162,0.82183,0.91264,0.92051,0.87709,0.8963,1,0.84224,0.86684,0.72558,0.65079,0.91933,0.75059,0.80553,0.61431,0.67062,0.84224,1,0.63836,0.59219,0.95158,0.64181,0.94333,0.83075,0.97686,0.9428,0.86684,0.63836,1,0.87301,0.78432,0.64644,0.80789,0.77722,0.85764,0.82584,0.72558,0.59219,0.87301,1
1,0.73536,0.89465,0.69727,0.84073,0.70908,0.66137,0.44342,0.81399,0.96915,0.73536,1,0.91493,0.41283,0.48029,0.39725,0.85273,0.27828,0.4357,0.69874,0.89465,0.91493,1,0.52894,0.64054,0.55299,0.84557,0.38828,0.62746,0.8603,0.69727,0.41283,0.52894,1,0.92104,0.7807,0.3748,0.41307,0.95543,0.68105,0.84073,0.48029,0.64054,0.92104,1,0.88367,0.35914,0.47076,0.98785,0.81475,0.70908,0.39725,0.55299,0.7807,0.88367,1,0.34698,0.78933,0.86871,0.68336,0.66137,0.85273,0.84557,0.3748,0.35914,0.34698,1,0.36607,0.29182,0.6493,0.44342,0.27828,0.38828,0.41307,0.47076,0.78933,0.36607,1,0.47048,0.42088,0.81399,0.4357,0.62746,0.95543,0.98785,0.86871,0.29182,0.47048,1,0.78215,0.96915,0.69874,0.8603,0.68105,0.81475,0.68336,0.6493,0.42088,0.78215,1
1,0.79638,0.95277,0.81592,0.94494,0.29004,0.92318,0.8374,0.96976,0.9483,0.79638,1,0.88346,0.9431,0.72244,0.46472,0.86733,0.57584,0.7862,0.86081,0.95277,0.88346,1,0.8625,0.91687,0.28898,0.94831,0.79544,0.94541,0.96723,0.81592,0.9431,0.8625,1,0.77868,0.38757,0.93202,0.64792,0.80351,0.83548,0.94494,0.72244,0.91687,0.77868,1,0.25698,0.89713,0.90039,0.93389,0.91455,0.29004,0.46472,0.28898,0.38757,0.25698,1,0.34504,0.28085,0.2264,0.25314,0.92318,0.86733,0.94831,0.93202,0.89713,0.34504,1,0.75569,0.8834,0.89085,0.8374,0.57584,0.79544,0.64792,0.90039,0.28085,0.75569,1,0.82826,0.81009,0.96976,0.7862,0.94541,0.80351,0.93389,0.2264,0.8834,0.82826,1,0.95708,0.9483,0.86081,0.96723,0.83548,0.91455,0.25314,0.89085,0.81009,0.95708,1
1,0.9474,0.82741,0.84823,0.88615,0.82841,0.91183,0.81923,0.86198,0.97157,0.9474,1,0.78464,0.78551,0.82995,0.73847,0.81867,0.86432,0.76055,0.95145,0.82741,0.78464,1,0.96531,0.9284,0.92775,0.9369,0.62556,0.92528,0.81602,0.84823,0.78551,0.96531,1,0.97681,0.97344,0.95966,0.62276,0.95692,0.79449,0.88615,0.82995,0.9284,0.97681,1,0.96895,0.94616,0.68165,0.92808,0.82652,0.82841,0.73847,0.92775,0.97344,0.96895,1,0.94447,0.59461,0.93343,0.74503,0.91183,0.81867,0.9369,0.95966,0.94616,0.94447,1,0.63396,0.98233,0.85803,0.81923,0.86432,0.62556,0.62276,0.68165,0.59461,0.63396,1,0.59103,0.89363,0.86198,0.76055,0.92528,0.95692,0.92808,0.93343,0.98233,0.59103,1,0.80714,0.97157,0.95145,0.81602,0.79449,0.82652,0.74503,0.85803,0.89363,0.80714,1
1,0.66996,0.90602,0.89316,0.95457,0.77676,0.92756,0.98112,0.96305,0.96481,0.66996,1,0.83484,0.52167,0.62342,0.91434,0.57543,0.65285,0.63254,0.6085,0.90602,0.83484,1,0.73838,0.88601,0.91972,0.83176,0.9118,0.89373,0.8595,0.89316,0.52167,0.73838,1,0.91006,0.60395,0.91744,0.89695,0.90639,0.9458,0.95457,0.62342,0.88601,0.91006,1,0.74225,0.98043,0.97624,0.97206,0.91885,0.77676,0.91434,0.91972,0.60395,0.74225,1,0.6807,0.7668,0.75766,0.71663,0.92756,0.57543,0.83176,0.91744,0.98043,0.6807,1,0.9581,0.95412,0.90862,0.98112,0.65285,0.9118,0.89695,0.97624,0.7668,0.9581,1,0.97411,0.95545,0.96305,0.63254,0.89373,0.90639,0.97206,0.75766,0.95412,0.97411,1,0.94842,0.96481,0.6085,0.8595,0.9458,0.91885,0.71663,0.90862,0.95545,0.94842,1
1,0.95384,0.90922,0.96239,0.77723,0.91984,0.9225,0.96058,0.87898,0.93481,0.95384,1,0.94702,0.94963,0.81555,0.97701,0.92599,0.97666,0.92993,0.91413,0.90922,0.94702,1,0.97012,0.8452,0.94307,0.91562,0.95106,0.90846,0.94503,0.96239,0.94963,0.97012,1,0.81807,0.93317,0.93594,0.95414,0.89239,0.96509,0.77723,0.81555,0.8452,0.81807,1,0.79575,0.71204,0.87324,0.93435,0.89954,0.91984,0.97701,0.94307,0.93317,0.79575,1,0.92987,0.95596,0.91349,0.89284,0.9225,0.92599,0.91562,0.93594,0.71204,0.92987,1,0.92919,0.80711,0.88626,0.96058,0.97666,0.95106,0.95414,0.87324,0.95596,0.92919,1,0.94521,0.95331,0.87898,0.92993,0.90846,0.89239,0.93435,0.91349,0.80711,0.94521,1,0.91886,0.93481,0.91413,0.94503,0.96509,0.89954,0.89284,0.88626,0.95331,0.91886,1
