1,0.76671,0.86437,0.80118,0.84757,0.87538,0.82078,0.71867,0.83387,0.73186,0.76671,1,0.73152,0.7258,0.69356,0.75785,0.82071,0.86993,0.77737,0.96288,0.86437,0.73152,1,0.77537,0.96054,0.94882,0.82016,0.67026,0.8022,0.72072,0.80118,0.7258,0.77537,1,0.80431,0.83115,0.82299,0.69961,0.77917,0.68255,0.84757,0.69356,0.96054,0.80431,1,0.93234,0.78698,0.6569,0.82019,0.67293,0.87538,0.75785,0.94882,0.83115,0.93234,1,0.86384,0.70603,0.84004,0.7472,0.82078,0.82071,0.82016,0.82299,0.78698,0.86384,1,0.7695,0.76853,0.77175,0.71867,0.86993,0.67026,0.69961,0.6569,0.70603,0.7695,1,0.74619,0.83205,0.83387,0.77737,0.8022,0.77917,0.82019,0.84004,0.76853,0.74619,1,0.75436,0.73186,0.96288,0.72072,0.68255,0.67293,0.7472,0.77175,0.83205,0.75436,1
1,0.71836,0.96201,0.78888,0.77656,0.66737,0.74333,0.94045,0.69927,0.88049,0.71836,1,0.78395,0.83755,0.73688,0.58581,0.86443,0.73824,0.74662,0.85399,0.96201,0.78395,1,0.82892,0.82648,0.64071,0.78447,0.95531,0.71154,0.89592,0.78888,0.83755,0.82892,1,0.76445,0.59456,0.94734,0.83246,0.86304,0.79201,0.77656,0.73688,0.82648,0.76445,1,0.65157,0.74177,0.75107,0.80877,0.74565,0.66737,0.58581,0.64071,0.59456,0.65157,1,0.62159,0.67977,0.7054,0.61316,0.74333,0.86443,0.78447,0.94734,0.74177,0.62159,1,0.78406,0.85515,0.77421,0.94045,0.73824,0.95531,0.83246,0.75107,0.67977,0.78406,1,0.7143,0.87961,0.69927,0.74662,0.71154,0.86304,0.80877,0.7054,0.85515,0.7143,1,0.74338,0.88049,0.85399,0.89592,0.79201,0.74565,0.61316,0.77421,0.87961,0.74338,1
1,0.77001,0.66733,0.62756,0.6866,0.72359,0.7424,0.66339,0.72826,0.60292,0.77001,1,0.73248,0.6719,0.72729,0.77561,0.70502,0.66262,0.7431,0.63385,0.66733,0.73248,1,0.68918,0.71212,0.73206,0.53686,0.71448,0.66192,0.81214,0.62756,0.6719,0.68918,1,0.73351,0.82489,0.67893,0.66134,0.61444,0.7394,0.6866,0.72729,0.71212,0.73351,1,0.79773,0.67768,0.77662,0.62818,0.68176,0.72359,0.77561,0.73206,0.82489,0.79773,1,0.68447,0.72594,0.67538,0.73276,0.7424,0.70502,0.53686,0.67893,0.67768,0.68447,1,0.74273,0.71246,0.59618,0.66339,0.66262,0.71448,0.66134,0.77662,0.72594,0.74273,1,0.63868,0.74095,0.72826,0.7431,0.66192,0.61444,0.62818,0.67538,0.71246,0.63868,1,0.6039,0.60292,0.63385,0.81214,0.7394,0.68176,0.73276,0.59618,0.74095,0.6039,1
1,0.7729,0.74291,0.76464,0.85689,0.73726,0.6881,0.69091,0.72348,0.58743,0.7729,1,0.80097,0.79672,0.83696,0.79114,0.76564,0.78236,0.77147,0.69916,0.74291,0.80097,1,0.7273,0.72368,0.75293,0.79964,0.79884,0.71522,0.71951,0.76464,0.79672,0.7273,1,0.68453,0.76841,0.74338,0.78832,0.77553,0.66686,0.85689,0.83696,0.72368,0.68453,1,0.72531,0.7209,0.67904,0.65586,0.60329,0.73726,0.79114,0.75293,0.76841,0.72531,1,0.80981,0.70055,0.79324,0.78928,0.6881,0.76564,0.79964,0.74338,0.7209,0.80981,1,0.80589,0.78068,0.73705,0.69091,0.78236,0.79884,0.78832,0.67904,0.70055,0.80589,1,0.81352,0.81182,0.72348,0.77147,0.71522,0.77553,0.65586,0.79324,0.78068,0.81352,1,0.77282,0.58743,0.69916,0.71951,0.66686,0.60329,0.78928,0.73705,0.81182,0.77282,1
1,0.82959,0.82572,0.8566,0.75484,0.86349,0.8007,0.79504,0.7983,0.78356,0.82959,1,0.86709,0.83986,0.807,0.81425,0.81432,0.88188,0.84463,0.77668,0.82572,0.86709,1,0.83678,0.86564,0.83147,0.85697,0.86898,0.84664,0.81976,0.8566,0.83986,0.83678,1,0.81437,0.88794,0.81127,0.82077,0.81343,0.8413,0.75484,0.807,0.86564,0.81437,1,0.84029,0.81645,0.89563,0.88456,0.87959,0.86349,0.81425,0.83147,0.88794,0.84029,1,0.80244,0.79394,0.84511,0.85512,0.8007,0.81432,0.85697,0.81127,0.81645,0.80244,1,0.81816,0.8368,0.82899,0.79504,0.88188,0.86898,0.82077,0.89563,0.79394,0.81816,1,0.89451,0.85631,0.7983,0.84463,0.84664,0.81343,0.88456,0.84511,0.8368,0.89451,1,0.87774,0.78356,0.77668,0.81976,0.8413,0.87959,0.85512,0.82899,0.85631,0.87774,1
1,0.72365,0.69758,0.8588,0.7351,0.82166,0.87638,0.75954,0.79605,0.65104,0.72365,1,0.7302,0.75035,0.83878,0.75357,0.74533,0.73691,0.72266,0.7484,0.69758,0.7302,1,0.77149,0.79015,0.71967,0.77096,0.7892,0.69252,0.69662,0.8588,0.75035,0.77149,1,0.81453,0.84755,0.8076,0.72968,0.79468,0.74065,0.7351,0.83878,0.79015,0.81453,1,0.83586,0.78262,0.74873,0.78032,0.7514,0.82166,0.75357,0.71967,0.84755,0.83586,1,0.72608,0.73362,0.74677,0.71039,0.87638,0.74533,0.77096,0.8076,0.78262,0.72608,1,0.81545,0.83207,0.82701,0.75954,0.73691,0.7892,0.72968,0.74873,0.73362,0.81545,1,0.80999,0.64906,0.79605,0.72266,0.69252,0.79468,0.78032,0.74677,0.83207,0.80999,1,0.73347,0.65104,0.7484,0.69662,0.74065,0.7514,0.71039,0.82701,0.64906,0.73347,1
